2503
-1542943529
-284689409
2001521684
1051879173
-1984657145
1024665517
1023178059
-1320743377
1171823136
652808828
-2140666828
2101691670
872928743
1893852290
-1255630816
539738825
1163965692
1243535531
1377266893
1166442591
-1151230642
140339236
996355064
-1514312462
660021201
-280541188
-2001714121
1397480942
-1870406290
-267248375
635918596
1439186827
-1867692229
-1911813624
-1410195428
-2103981673
-1447580180
1591770119
-237486070
-1096663944
1924093064
-1271736057
1941111806
1729489521
-700220833
-2048723748
218626274
965513508
60002362
2066313304
1149749166
702924631
-478278444
586704552
-1188044549
-1640758534
-1817996151
-605090563
698535382
1130724200
1011378253
1341466734
661928407
1478650861
1785286623
-1719828964
1046678129
-353469816
989360957
1723638167
743249802
624117489
445241178
-1676425857
-1890756275
-1565104675
-1661046258
-658148754
355376959
-732083073
641206605
-1039906795
-144038768
440791122
1724862875
1724525732
982160819
878911253
1634271167
1558744687
1682004784
-1103637737
232636854
1000905678
-502973000
37554100
976507626
-866347708
938391417
-1338912225
-307486813
196189666
-436762956
256754273
-217437251
-375149075
906515851
-1907765088
-465489765
2146143166
1620609823
129260196
-441899429
1104735977
-2058249766
1699280279
1904847946
-485936735
1248354056
961353739
419300506
1854747738
-713791572
1702813761
-596601006
1008162736
-1799999855
2083748520
-816369531
922005639
-1522882657
1981213859
-1346867770
-1054680462
-899961745
-438876273
899026651
-2046423976
-83747296
-1893627900
1474239919
-765897899
-1442328469
1073128794
122167693
-1406330915
-1637576204
-691825298
-896085621
2087080231
2125653475
1427064997
-825099709
-713880888
122569395
-633478608
-409105719
-686874467
873851465
68726929
1679162584
389960942
-1006850232
-541152674
-1308783538
1934566607
1178549155
-1248234683
1866527194
-83099959
211790963
976170319
-1744792333
1920384954
-1264675063
1013553768
10905867
-171664903
-1734948025
-1133555170
-1084233212
-837891395
304244523
1689522089
-1042879518
-846282306
-1903882324
-441361365
-1300549182
-830300388
-1522507063
1946753336
-547749877
-1975440512
-1783302434
619163543
-627040798
-1395478912
1275296568
-1517033910
-1917453853
785794888
-1534669332
-1653168693
-357767667
-506352779
-2122769692
1036331928
-139485443
612593732
618879034
731673073
-1130917282
-1280425493
1930933192
688181216
1995151519
-229266106
1827456511
54596985
732173799
684416950
-1913086473
960276579
861648453
-1770651322
1466432200
673211542
609433900
-1524036338
1291798039
-28424859
-1457389539
-1737012260
-57138189
713038527
2052347046
501208336
1514646497
-440021327
533961098
-1236289081
696688437
132382510
335797057
-59720134
1198928035
-967053294
-783977566
-538983064
955330837
-881714844
-1572817698
-2115251469
969061822
1008260571
1498206128
254330695
1582861166
-1913064029
1789028562
-1204864511
-405206233
1110063456
186487218
1838487181
1223238641
-1043728013
-1587931035
-977215727
820555242
1203666299
-198155557
552843657
1094212256
1255786526
1867008340
-955995342
1702745763
-1787372792
-1478843373
218736172
-1978666924
-1076316365
135364688
634473818
335403011
960666985
1778528370
-790982004
-641610439
1429558022
591113085
-962227488
-874459823
-692752638
-224989239
1225479524
918427469
1597698863
-1029808908
1224757248
-738027290
-1440041538
-826525415
-352332141
1600493796
213802759
1873794369
110942299
1101345456
-985137272
1472988441
1586925465
710047527
-133529042
7921125
1939212148
922633904
196116179
1402859700
-693920739
-107923312
1878995208
-2076609579
-5121741
1365910396
-1090808045
-1799614583
-896705943
1887705967
-409731781
789070329
-1621650842
2023618749
2034268482
1550814826
-575890452
426425448
-835642830
-84481106
-1326286533
1366517170
1305006172
-741399075
-212703817
-1933046541
797987229
1015359301
163782088
-1876469844
1740406243
-1405526882
-1466613503
-98526757
-568850449
-1754486655
-1822346620
1193687184
-422025637
-622552549
-1354228829
-1496636992
-1763553057
-1743791331
158332106
415198552
-360559153
1852770550
-809715555
349010837
-2099112985
-1256886972
356984157
-480631662
-1278491573
-1332196985
-1456230257
150981922
-1260896056
-1543853545
999461087
419787999
-2026495393
563016792
-1558445503
-1796206206
-938798076
-1163484117
-836097960
1954401141
2135528866
1568402599
-477875429
-1639977050
-1880003741
-1891094520
1520740790
654420638
-783205075
-1472888089
-1990262867
443998417
-582735249
654880427
-597239737
-342902729
500061724
-1371248833
-612525015
1535289115
-1188581641
-883054588
1328629056
-1519903694
1182038033
94661641
-1755216668
1449137134
459232655
218314105
493791289
1357590292
-339680847
468392020
222813913
-1029300596
213716495
-1830208414
1271187375
388986999
612291876
-1967256989
1091594277
1324173958
1530855440
312309899
833220993
1172897161
969606297
1052977708
-639502196
-347251130
-2121449614
922506933
83952500
-964960372
845680320
2020912090
1152291315
1483434375
667521241
1228054292
2097021871
1884572244
-1066005682
1904403020
267976932
-1093526569
-1344061909
660205522
1456818495
1004384972
-1260443779
1554899347
830344461
260991772
-1813972205
1933182859
-1795738476
-323787407
1946899081
-1992232584
-1734133311
1414171148
-120399486
-352788529
-405112829
1122264277
128776756
-1365651469
718083701
-496947533
-1117893080
-1933338716
-845746110
610572318
1371068226
-949632075
150937412
-1717360399
1997948159
2109353473
-1680667410
2030389636
-1797600770
1870560927
-932762260
-188135174
1175537089
-1415050156
-708458232
-1534135082
-17185100
1787875401
431388623
-1228106284
577742957
-934059779
-431017100
-1546230282
580702772
-721999748
896148339
1839125468
1271126470
-1938994735
-1805023367
-756603048
1413680726
-2089686600
1164272642
-671261887
-829509676
661442200
1316279620
1268596871
-1325345168
1101499311
-293655477
2035826312
-1472082335
1625205646
-1222690204
-1656208223
737405921
-225014328
249917119
1275576582
-293987460
921955302
-1259623857
1462874326
1616949898
291715485
-1065882123
-1890968215
-2107358214
-1252436926
-1550235940
-2128569620
243957072
-1272236675
-1334010586
600022064
1165840368
1453432125
753748167
-1506496578
429451932
-37165333
-397438799
-965019090
2032224058
-2117304863
-1130268623
-2018344520
-1793306406
-558848739
888176280
-1081336053
-291904008
-1665890767
2037986589
-426039459
-251446531
542227326
1972358914
1191912387
-241213173
-1150432863
733941748
338241986
-1693256454
-106611668
998063287
-137254619
1669151388
736057752
2142040578
579650320
2100635720
-690707846
1343882663
623935060
1364010646
-64909323
-1602169353
-1602130683
-1741911962
-1860024977
-407852189
-843081910
1811545895
560671111
1061163110
-1013530765
-1702719659
259889734
-2108406878
851858256
754764099
345452692
-1234491319
-968450368
-1145026022
728581868
-1104586562
-789179512
520472865
-1869760685
572800891
137542245
1413756222
-1053227899
-1464182220
-1804525213
-1241274692
-1642503566
-225834180
807623535
-1572394674
92099048
1866046760
-1487411925
1580900947
1072939920
-1270260559
681673473
-320710822
-1785530850
-1479349026
659975290
-295839511
-518880316
-1985529502
1363564752
-1104652934
997479143
-798053566
1676427457
1960614085
511663636
344294331
-1474696794
1034107716
151684917
159940961
73960899
1825949172
-1522210305
1612985227
-6605345
-859189672
1108107694
-2047107090
-1714120681
-1016901950
-1539688972
-1348395385
-1890873361
-415383851
-2032590034
-1561948226
-1371110487
-1171279803
-1061735976
-193441592
1305955033
-253430816
-705097405
487101004
1482058297
-1601729838
-1803818620
377943369
-1925859143
204466212
1160632495
1664782902
-1229995558
-1873197435
2052362053
626183786
1113225532
1260328525
-969097238
-1746558018
2096698229
-657143874
-700164517
9977456
995235875
-1915128436
-421746274
1838749001
-393477820
-2070072417
356588922
73457666
1206123460
702940694
1047652137
-1390276636
146251095
1975436431
1472850252
-886788435
34841480
89812389
662821662
-574175302
1132924946
-438653255
434253548
649576290
1964717678
697345013
1980263364
981941407
1699122861
-1254419314
842788460
117868787
1522098567
-248139960
387532181
-645559672
1447076275
-675214529
832216400
602061977
132941432
-574394141
-378081855
-1393047023
-949109885
1524543300
-2101812975
-446517647
1802844667
-793280113
-1442208599
-817528586
-1005576494
-200324905
-1438967396
882200058
-1313205666
-585556455
-2107631516
1580376730
460723495
-1015054215
-1384596528
-1802719592
988202498
639640530
-1566316739
54141059
56391006
-86531219
-165250045
570499093
-1855940131
1208950031
1403777586
695864027
682326566
1683617848
2836606
-569452773
-135651335
-1735238230
420904823
-875347727
-1584928637
1523000104
-1104538628
-154131014
-133151245
607530879
-829084431
-1205947978
-655194548
-1631937847
-393580497
-1764342808
314225532
-1362751760
651473596
513420353
-1720721234
-1703859087
1510602811
583182333
1442412764
614922082
-1783990874
1190051915
-781032793
288067765
874548025
-1300041933
610930026
-612450370
2054285745
1316138676
-1988052084
-341897230
-993962314
32593452
-338846187
-1195735312
1388561557
-444012036
-917334653
-819579195
239251761
182174059
-508908578
-725208981
-655294405
473966282
-698508278
1906547347
1635173536
-122464807
504625755
2047275172
887860547
1888713833
1267520110
675851778
-1321269012
744923458
-1779511754
1860888979
-779643521
2062456134
119290453
62039422
639929968
-1792519466
-2024637524
1386207029
-79909258
-942182541
-791492043
-401642571
-4253570
-1188789336
-472169201
1950534668
685071330
-1478513368
-401296422
1950131739
16058330
1734774578
638224708
-191169123
-1313701326
20935996
1585969892
923978087
2069763389
846298063
-938589626
850501873
-1064343287
2025579440
1095064390
-1504821740
-1923949613
-2125663424
1133106081
2077808405
-2064683587
-1715795419
399474632
-2033675039
1299395517
990432040
456796408
-1208768102
10454488
-5799840
759859334
-101463214
1840077968
-822534768
-259054465
1393628949
1375048091
-452623155
1840111984
818520108
1460664277
-1574112924
278158721
-173264992
112688758
-421810951
1575643336
-660539395
-554642553
-1193184525
885206747
-1255980713
-690734703
1028728343
-616634969
-1298443887
2100462744
-923550605
1838683519
1178080476
559444551
614696316
-617296265
1788627582
1521668460
-1064096134
1308974835
1672165844
-1454822235
-1277810396
1526685562
-1359137895
-1507070885
850811014
2015176655
189031272
1531847664
-390256598
171376962
-1100040833
1561493044
152334711
-1668502973
1809437893
1482030364
1128649555
36372279
498763022
490373301
1369792528
-675095410
1596513692
480135509
-467745404
138645013
-346609688
-1555240684
-68529287
417095560
311518882
1573476474
-987659192
1865294443
1392494839
1364730489
-528421953
-407978727
302419473
636214173
1277145163
-1479665892
-138273565
2013616257
2076373587
1888286399
1086739494
-994289788
720750049
-131357726
-952871266
607949245
1517593223
899638284
1806325665
1800300331
973434240
-1680137274
-1933235239
-499017167
1438876180
652796198
153330248
-1442591168
-1132897215
-963204183
-933762676
1049869781
1645726103
726879558
1798538596
-1818403930
1207223395
-1627131713
-1080125326
-870690025
-495297265
1448958265
536053314
-74081293
1536185800
1289781007
2112106890
510137687
680612961
524527074
2105432755
556751857
-1941516681
-1559347212
2050548375
1981763434
125113300
-272682314
1582036364
467794720
255007512
-1019588449
-399351135
-725559784
635434134
1236474942
-481123545
-1995600333
1413613435
1444423826
1269978738
-865086818
175799605
-1805407591
-1451280927
1310773647
1446608657
-1737813978
-1000028902
-1485546195
-1287247322
1527820279
1079394970
-1113920561
1060593009
-1973950714
-1444373396
1921443689
-412563903
1745696543
-674206408
278069314
50974421
62470834
2111063423
204371690
1490703170
-1330740758
197379364
-240152213
-1694285670
1299164413
-318224083
-1698975810
431456842
2007783365
1802252746
-910707840
-1590959676
619227792
-1778252649
-1314214171
-549798819
1691132979
-605753570
-1725427988
586330999
-1135251099
-1910477409
-25840428
178109154
-1846254263
1017453074
1836430030
-1514133121
1598842700
739043180
-1943887885
1986375718
-1225266639
-984527583
-337070216
-2113119543
-523321239
1908025066
-1944766689
-1797521447
-1362861657
1819561160
-13061904
-337985048
-588483148
-1934940345
435176489
-2102032497
-1984120705
1190183943
1884615026
968723857
629181303
1198796407
-1617985964
1328183104
1113835549
943591652
369269740
1036157215
1723836372
-207101518
1432634587
-520046136
-223488773
2076319976
1379567232
-840211185
764606781
1201826289
-625006231
-1907692184
429088039
-2015732320
-948900603
-334231675
-17208070
-404445068
147868319
-1294078909
431961794
-1956271843
-1959726201
1466420422
485045670
-672040130
-228032879
1337910498
-1687028094
1323395700
-1632241469
-1278685252
-362045006
-622915177
2042973513
67895985
-453716432
-1838437825
560773292
-573926795
-1645395487
-535932791
82950979
2116134527
-1909099733
440155931
-2071576855
1948401316
368861130
-189118620
-1601838097
-637653246
761625828
2070350376
33990996
430863903
837796954
-682511301
1338991667
1076253009
-1145619616
1660502924
-1124484484
1970844511
87019087
902600805
1621923046
2123104616
2056361401
-2117871888
1001864228
-2142094845
-1726228290
-730866436
1487181142
1127869095
315973789
2137313281
1616982466
1106155341
-1228541555
1454442337
2013668803
382040147
-2129789747
1466029808
-1627006207
-1180847453
1593761786
673971638
-552119839
852061716
581387680
1264958707
-200309185
1359441423
745306898
266132322
413133658
-689237899
-511520899
636688578
149697295
-510994752
-660320197
1276106129
744019018
-852763288
210138724
-518130918
135726265
119727495
-2105239125
-1313263694
1661606337
1686754495
-453100442
-450985154
-588413771
905105243
558204142
774324215
-1788748219
1194348724
1240168488
-87098511
-17124044
-908335659
-990066333
910197720
902698061
935030370
865817445
-1100585603
1939993495
297732021
-494039360
582993040
1155729607
-279968183
-484533911
-687698129
1683204853
709599579
-297884790
891308959
119061907
210384078
-1032006250
2010318552
-2102012262
1451113806
-177142882
86779718
-1578560507
1099199160
-205733405
-1208539187
2003457154
1714463929
-1120883029
1667137294
-1114060953
-1250345547
1981547864
509687528
-1017313310
-1520594967
681168565
1351350337
-399165580
-591310637
-1710210413
1464897286
-826029152
-1057364272
1330392724
-2021447057
-1114570017
-533697273
904623686
1765072263
1547318486
142971269
-1184432013
966206443
-951488054
185774505
-1371691594
-418615599
966993235
1974851778
-1413024687
189136460
-1625378737
-1655929610
1850596670
-1903195443
-742773223
-304392603
1283497603
309166829
489216251
-849408883
-565936438
2025513321
1149157856
1122334191
-1395577296
-1816141972
1119080270
-1135397389
1038147676
-2088040684
-1880934510
-1809480440
1929343956
-2123732434
567011900
-1681043697
198457995
-470089404
90807501
-785165319
-202950723
1226864346
952463022
1288384174
-887363841
-543694093
681072740
1268082224
153673873
1409039066
-1740056062
1271852288
150269686
-2059699938
359701726
1980674752
-701011514
-1226325539
-1313997689
-713544679
2135091650
-591395003
290499318
716436702
-71390679
-159387048
-626007038
-858918799
277097289
1841239022
-605297639
321555557
1847323224
1839440384
1791202861
314247524
598557316
766330147
1598205163
414379603
1088605000
-635389359
-711222478
-1400960589
-1752840192
-572175121
-1866195006
333489482
1051229375
-818844406
1302485044
1293275138
509639776
-1569462812
-1325166807
1310843408
294601690
1371240623
1215642054
-1814585512
1414051545
582410136
-1700013985
-914842609
374100361
-1367114490
-1230328207
-1730951262
1258234804
-719242461
2090501590
-1392033322
-1331566322
-1362731110
-546508493
765976111
-1738550577
800479138
776782260
-1487734378
495441538
-1410678724
-1749834757
-1881831883
755734045
1460547256
1225267285
-1856147035
1283208528
-1489207940
-64603602
668518731
1517203489
-1913347832
1399392967
536363262
1052149432
1994672436
-336514267
1451294701
2021577335
401986236
-1740541620
-84682816
-935913395
1301105918
1108878509
1078872572
-1932891060
2036963329
-1259295268
604766123
1408023160
1584062137
839816581
-53110981
766724321
-3149432
-2036355424
833875110
2037040883
596657416
1000450019
-1905442861
-1645314549
1167104263
-519389064
-2078024389
-941000882
-657683502
-511929360
-1935397681
-979129674
-194011722
1690513782
1162496793
663391085
293365955
-1395527097
2051379361
1069909341
1648955603
-569195679
-1232950383
-1759756281
-335269942
267638394
1441476508
729660052
-1008352738
-789909965
154386458
-640379607
1239668633
1759820173
308295799
-758768769
-1711600547
965341851
-1044941106
-574692174
-1617490391
-1138019207
1247194320
-2138497960
-1398296103
348109948
1848531690
1087752404
1672699187
-1083012438
-1322165849
300131052
1644153056
-167996052
1293981010
1610830489
-520724809
1925317762
2028232671
-412998370
2088351809
-862738634
1510898954
-931032996
859177337
-699065900
590236864
-598534301
1447969747
-52736424
408074174
-1185586100
-2090541697
1113484393
-89406856
-746017979
2132650222
487931014
1593305659
-1612862740
723294356
-2059431298
-1098403691
975429089
963365616
-112694491
1516501236
531673494
1147165385
872395076
-506848116
-1706895768
-1245352007
-59318831
-218441602
1128398067
1317622511
-2012551329
495417910
-122907487
295734319
-1059506985
-904204780
-401973372
-40940771
-1132165272
-76377011
1104408422
273260731
1409945532
152371219
1445748765
-48280272
481698411
1821574388
2076959522
1013982667
-1354022988
1342289535
953086052
1832015686
-597335446
1981955628
-871944102
-1591474098
-11613653
748071805
-643271849
571875394
1645917400
2094080608
-1594013151
-1856620997
-1708278976
-1554183209
-1754000445
1041886284
-492649186
-1124586278
2030998689
86915850
-310982587
2146158459
206269133
-1890487986
206882585
208939595
-784206951
-322507719
1098826305
1392988668
1042183789
941607799
132616602
422674759
-1078613798
2015634888
-363014034
1070134031
-2134646802
-1921220164
1138723045
-173536570
-1629650231
-1133275459
1648143035
-80763120
1717277296
-1037788590
1457477938
-355894619
-135767327
1323998625
-739234742
-1413705861
939368806
-366362826
-999980752
891574307
-1947802578
1708340482
-806660621
-1459817613
-168853735
512848549
-1765757827
-1992456604
-192034350
-795217937
1091807424
1965281342
-874937566
217469860
-1874534865
-110994190
-693297789
-1611725185
973963375
-1391134266
985055476
190673529
755723086
494227511
162993675
-1488162230
-554617357
360958746
-143053232
-592333521
-842545833
729229827
1760566727
426973934
-2104356365
1577543403
-1566828082
-1365816297
729486523
97440268
1008873769
1638994571
163647306
-1387886577
169800027
2106144322
-1559190691
579970665
1189973303
67297864
-902468219
-1952652798
-1667082059
-126691833
-13822184
-1790024681
-1760514551
-1100880180
1711608680
1272713568
295800817
825726339
632978487
1931255668
457284942
1574026437
-1747533463
-1542841236
268577270
-472212716
1979391995
1056099527
-445476664
-1174487707
2134381620
-1036024947
-915139840
-499610146
-1288881383
176478390
-1130637109
310348511
-1077848283
-871964213
375121693
1048930886
252275769
2116899021
1264918210
-1727288081
-1326373167
1625300310
-1690199885
587228793
1185284728
144907262
-901254230
1278819663
-269884547
1791567872
-436377864
-510662938
-880207897
226345756
2097524374
1720951875
-545590363
1106137022
1042097273
-1439202624
-1577878519
130697567
-1131766999
-1910676210
102749815
-354148566
423349652
-2087053187
-189895079
1009947875
-1885833185
-1601242502
-992016811
17616388
-1052414211
-1795558823
1575364802
-998676696
97666500
1894040405
-1791841449
-1324662356
-1075749827
-1922499884
-1948567003
1951196563
-1576835973
185466606
-681239097
23436714
259831342
-132447952
930394327
1437708780
565969720
449763740
1040922787
-1984338905
-407944832
-1710486028
1509758240
1099469535
-644030970
-483948233
243694622
-1557977487
938773816
-1989359765
781464508
1727048827
-1360245629
-875398755
-1044840417
247186811
-1997313748
-1954093530
-752895906
1787316405
1884201055
-357856977
190133952
156058202
164473992
1779153270
1271175209
617492454
-256125983
387077457
-244089136
-979296567
70405195
1560198131
1127435317
-316305079
-787707806
93951725
1767343698
1359629734
-819215925
1521367032
558947344
-851543170
1438143695
-1567256847
-510690052
-133385357
-1645952723
460061732
-117000134
-286989046
-6331349
1650164428
1020729017
1531197142
886915054
-487055398
1564697767
343426261
-537304053
-2042345227
73948711
-2031263463
-1521890467
-1378887742
1685451585
-225592662
-926694632
1707337060
61101850
-1984852310
-1416155362
886200902
17714788
-813774918
-1941356656
-1557645801
306016535
966307740
860646312
1441649686
1556894560
-471427303
2006762950
-741298289
-1924281894
272799781
-809173816
-725193564
333954299
-1789929920
354524830
-1947129520
-486326320
1237967134
-1367511012
310991529
73063916
-896197239
226160146
-298730908
-1614064483
-1141745530
-1528018023
1348339870
-455464095
1203103927
-1367572049
-675437095
-1624711272
763691519
-2128526330
1277643076
-29190278
891428715
955707160
-2121050306
1570607178
1341892431
-1314602114
-1954112484
831044555
-1262604880
-1753677182
-131633366
-330219277
-539100959
-1370374158
1968407024
-344796194
-1390302096
-1990165193
447537077
-1302259451
-630047166
1227088293
1845027144
-962099281
-1043162628
-1630264301
-342615811
-83853401
698586788
859044270
-2023064842
1675331118
-981523832
-1686036982
-602716765
1255530035
-1589655202
-1889744775
-106664309
1864888257
-780666708
-147479904
1690933067
-1707265352
-1427200407
1631720518
-2065248545
-523005761
-1813168668
1018361967
-1378901216
-581275016
-2004551963
78909353
320816781
1192815606
1420819217
-128924763
1086770765
-1239040917
-1500185198
-1633087480
1781714036
1303581989
-1501943561
-1052007293
-1078343035
-941925445
324962136
-1505258463
-2061932489
-952411261
-1191229251
-1445386785
1675633276
-428238266
-796881985
968530561
905840318
866239542
-968389521
190512035
-1751722389
1211523872
1611554167
-271955955
131358387
508187869
605523839
894144843
1461717136
-233392882
-1612027182
1014161021
-233380602
-1248252409
409378624
-21108629
603699628
-737024757
-1064792507
1274282716
1436471658
-1393068614
-1373269142
-1685403865
1055626627
1818931399
-428216597
1829917706
-439864619
-778366483
1842886297
1602565818
-1930178721
1428693283
-798723839
-1065004742
-1789651964
-1181011187
197344974
1263555056
65736334
-774357834
-1387809173
-389312396
1522184180
-1675907460
-743385620
1471177643
-1150588193
1325828683
691121966
-488684268
-1545619862
-1332139763
-661802436
1970361697
-952731351
-938450079
-1731937804
92608073
-1655005075
1788875146
-1268728086
557608348
-799119419
859903657
372331659
1647265175
96801990
-2038928594
-211856251
1006067321
-87676145
1734335116
1418026086
1739531605
566320263
579889196
455082371
-1853447126
80394728
1763282851
-395124966
-1271996624
-1985288319
279958566
-1657937222
420295540
-1222157769
-1309650115
-940541213
2033027750
-165486388
557731510
-360805400
-2096924623
-1419313821
-845487652
-866824420
-1317563508
-454372541
1780897256
1267499053
448766928
661957851
-1644312136
349338826
-1370132343
-339780091
1914642622
387463820
1514752976
1293747854
-1322750662
1097611026
778742169
-752551690
-1201190485
1607583342
-795715512
613599603
1476384130
-1596693569
1174351498
525912379
1211779353
929884190
594494050
424178179
-1753131806
-1782002755
-575865470
-2116581950
-427114525
870438221
132686556
1487988410
-1580795551
-1428759648
1907104119
-903058504
-271871525
-102990448
79696006
582562969
1060622138
94827550
154587317
1358578448
718393413
765223645
-1270722874
-2079499353
1938682714
758205073
314594140
-2073005309
-1390840742
1371996690
62966807
578431851
-1248037403
1618893174
-285763104
832448139
1811343815
-907097234
-1605603195
-1140969612
1140788401
232055024
2043714439
1649770726
1031760171
1825614614
1502329906
-1185174575
2082313673
1417115461
-837954322
730915353
-617471332
-796253807
-993643051
-1120032359
-1674745365
-581719712
-721150331
-1802749077
-273926109
-1052119987
-746641098
1765938021
68845323
-1052464306
-242035954
-754682907
1475446843
557661720
1647949235
-1434787375
-595436850
-1513383743
982140450
1968102617
-2011936682
-960788569
-46125889
-1086826497
103470352
-1285601904
1174047404
-1220889000
1917153112
-873279470
982040669
-802271213
1470016094
-1967808971
2082769260
720290746
1721233434
697736534
286359977
1732679608
2044321405
-391604147
1174890357
322236442
553698280
1683188946
-2024951985
1186094233
674229985
983085852
818166959
1223033560
-1570913020
-1962361910
-344042478
588032233
852874550
-9500666
1280449110
1231512597
-2138220255
-1039425561
-1978649273
-1952452644
1723455963
1939925783
-1589878407
409792826
283175912
502525877
2136543575
-601839061
1754478178
-1328080004
-1771738756
-210706063
796146038
-1632240860
-749851071
1802437268
-1538029550
471499784
-2063108458
1905506858
1832085724
-1307913208
-2029111275
1261539928
-1385950619
-1213690960
-2039611308
-1898556520
496629406
-1033296231
-1655148678
-732222020
-816262774
-1345260017
-1138669548
1306520882
343174965
-32464396
1883973673
-319963000
436428004
1149195235
-260161653
264393266
-483460723
-1343623016
-670853265
1804352139
-418408055
55706510
1928642367
2104364569
209367431
977092841
-1090981201
1034783765
-1298907965
543211926
-2140795634
-490163927
-195833224
25255344
-1037247010
-41766277
591470227
-1642804955
1566421670
664216809
1236447656
1539659417
1686841861
1960957078
1242913833
-558594935
-2061589494
648941733
1181845717
-411649869
772989891
583561028
1959217773
746900917
-172050925
1723884
1764823213
-2105125132
-928861752
960926182
1766340730
-1079918913
-1362467603
657681680
1011215191
2033033907
-847084709
-1310381343
-2079456739
-890170784
-315954538
1506429353
1408818923
1775670316
-2147184939
114910237
-32738726
600839287
-1941396126
1642442515
-308027403
-907533568
584556580
-677965943
-1836550680
710877830
967036537
2143227115
-2139755530
-310817102
-287000759
1066673044
-668000848
-1299399629
-715292584
-1645134955
535278563
-231950550
-204343590
-296794186
-468029103
-800971831
1869286732
-32812871
-953477468
-206125770
1401217665
535523557
950931871
-1823240524
-831674886
-537295934
-2078315626
2127586052
1530785147
1844612640
-1787450592
-233445879
1382567898
-1024056738
-7037686
1301824682
-165193447
269567208
-126928754
1539053307
1389243319
1123325185
266801860
-156974945
-697212094
-1931625022
74126679
-1377963161
-861729744
1102607201
-633443204
1581791294
2069218543
184254646
191619104
-1832213943
1386765371
-16078597
-2047275936
1741295690
-342064978
1798201811
791686462
-1601658811
-1227860579
-4281971
-1391562352
-1701430939
-1787035359
338591145
1699744059
-358264801
-781088910
662287770
-2089655647
765806743
1173260156
-514898483
-1348973737
456530755
536128683
896413417
650307611
832511950
-1831409143
-179593896
-2071087100
-1850924482
-1309224309
-394461946
-1496639749
1618617944
1687069351
1254688104
927069033
2019786050
18468650
1802437056
514108210
1872302442
-2068370105
-1134306914
686048225
1006308518
-587397134
1312333225
-1518177757
-1616298851
963163758
-430531425
-1313332103
1375328612
-1978103771
1031357594
-177371863
-1413246357
-48752201
-1274129260
-94656651
-968817254
-1888196780
-576118228
1702843407
663880886
1422798926
-1539442775
1904715979
-1723773687
1953923049
-1415131585
1013088150
-763652798
-1618317451
-834475887
632541350
-1827727975
-582978145
-2003365513
1864664050
1679355446
2062210819